1716880199766 2.296419858932495 0
1716880200469 1.9957884550094604 10
1716880201006 1.218235731124878 20
1716880201504 0.8001483082771301 30
1716880201998 0.5706577301025391 40
1716880202519 0.5143582820892334 50
1716880203175 0.6411426663398743 60
1716880203685 0.476176381111145 70
1716880204208 0.6740291714668274 80
1716880204715 0.6232572197914124 90
1716880205337 0.42412158846855164 100
1716880205884 0.35053110122680664 110
1716880206403 0.19493825733661652 120
1716880206926 0.2686619162559509 130
1716880207523 0.23494137823581696 140
1716880208034 0.6417997479438782 150
1716880208571 0.8680663108825684 160
1716880209140 0.41478198766708374 170
1716880209698 0.6111630797386169 180
1716880210229 0.37964943051338196 190
1716880210777 0.35503169894218445 200
1716880211345 0.39525696635246277 210
1716880211959 0.2821195721626282 220
1716880212543 0.375892698764801 230
1716880213073 0.14515452086925507 240
1716880213624 0.44863277673721313 250
1716880214198 0.2805445194244385 260
1716880214827 0.2284001260995865 270
1716880215555 0.4299282431602478 280
1716880216127 0.405622661113739 290
1716880216730 0.29702499508857727 300
1716880217286 0.26816752552986145 310
1716880217833 0.27507877349853516 320
1716880218405 0.13984820246696472 330
1716880219028 0.198334202170372 340
1716880219559 0.3655160367488861 350
1716880220132 0.28666818141937256 360
1716880220684 0.34990206360816956 370
1716880221347 0.20801469683647156 380
1716880221868 0.3272804319858551 390
1716880222427 0.164912149310112 400
1716880222969 0.14041395485401154 410
1716880223580 0.17418251931667328 420
1716880224228 0.23889975249767303 430
1716880224797 0.3988378047943115 440
1716880225331 0.16691383719444275 450
1716880225952 0.2128317952156067 460
1716880226495 0.21804247796535492 470
1716880227073 0.19505836069583893 480
1716880227619 0.2358378767967224 490
1716880228218 0.4068046510219574 500
1716880228886 0.315255731344223 510
1716880229533 0.18648293614387512 520
1716880230151 0.13959749042987823 530
1716880230804 0.3508831858634949 540
1716880231644 0.2727039158344269 550
1716880232277 0.11501444876194 560
1716880232998 0.22836527228355408 570
1716880233626 0.06496867537498474 580
1716880234165 0.14036573469638824 590
1716880234718 0.30386656522750854 600
1716880235374 0.10015953332185745 610
1716880235934 0.11874344944953918 620
1716880236545 0.27713069319725037 630
1716880237143 0.2186375856399536 640
1716880237753 0.15862847864627838 650
1716880238347 0.1739802062511444 660
1716880238880 0.15782898664474487 670
1716880239549 0.21837161481380463 680
1716880240119 0.1337423175573349 690
1716880240709 0.10295283049345016 700
1716880241249 0.33508098125457764 710
1716880241867 0.16112056374549866 720
1716880242467 0.08068443089723587 730
1716880243085 0.25355997681617737 740
1716880243621 0.15923182666301727 750
1716880244204 0.19747573137283325 760
1716880244718 0.23481884598731995 770
1716880245252 0.11454793065786362 780
1716880245787 0.27045387029647827 790
1716880246305 0.19748958945274353 800
1716880246870 0.18416695296764374 810
1716880247444 0.04913555830717087 820
1716880247996 0.16000528633594513 830
1716880248520 0.11636508256196976 840
1716880249122 0.18172003328800201 850
1716880249719 0.30102214217185974 860
1716880250247 0.24536336958408356 870
1716880250781 0.1860855519771576 880
1716880251360 0.16163764894008636 890
1716880251916 0.15442201495170593 900
1716880252423 0.2852785885334015 910
1716880252938 0.10640101134777069 920
1716880253524 0.03051300346851349 930
1716880257686 0.18675684928894043 938
1716880258277 0.11923031508922577 948
1716880258790 0.09368208050727844 958
1716880259348 0.14433255791664124 968
1716880259875 0.18032093346118927 978
1716880260492 0.05667724460363388 988
1716880261046 0.14546440541744232 998
1716880261581 0.16255062818527222 1008
1716880262100 0.08138476312160492 1018
1716880262718 0.43581342697143555 1028
1716880263331 0.32428205013275146 1038
1716880263884 0.20870380103588104 1048
1716880264427 0.1586817353963852 1058
1716880265015 0.1336880624294281 1068
1716880265539 0.2101553976535797 1078
1716880266060 0.07711642235517502 1088
1716880266588 0.11792311072349548 1098
1716880267147 0.09670538455247879 1108
1716880267706 0.327701210975647 1118
1716880268451 0.28978389501571655 1128
1716880269284 0.06009179353713989 1138
1716880270156 0.07388687133789062 1148
1716880270737 0.17815576493740082 1158
1716880271275 0.04208951070904732 1168
1716880271796 0.3749430775642395 1178
1716880272431 0.07587864249944687 1188
1716880272947 0.05748673528432846 1198
1716880273465 0.09340027719736099 1208
1716880273986 0.1045784056186676 1218
1716880274598 0.06506858021020889 1228
1716880275148 0.11742939054965973 1238
1716880275710 0.12529796361923218 1248
1716880276256 0.11172161996364594 1258
1716880276923 0.07132524251937866 1268
1716880277473 0.17898935079574585 1278
1716880278059 0.07012230157852173 1288
1716880278644 0.1566924750804901 1298
1716880279339 0.18486472964286804 1308
1716880279938 0.14003898203372955 1318
1716880280595 0.11416902393102646 1328
1716880281277 0.05858130380511284 1338
1716880281911 0.1454542875289917 1348
1716880282538 0.09395690262317657 1358
1716880283107 0.23518018424510956 1368
1716880283969 0.08121344447135925 1378
1716880284527 0.15533339977264404 1388
1716880285077 0.02066296711564064 1398
1716880285618 0.12711265683174133 1408
1716880286271 0.23304443061351776 1418
1716880286867 0.14417912065982819 1428
1716880287443 0.13491423428058624 1438
1716880288026 0.1949029564857483 1448
1716880288654 0.06149949133396149 1458
1716880289218 0.22899003326892853 1468
1716880289823 0.10860922187566757 1478
1716880290420 0.15650421380996704 1488
1716880291062 0.07530631870031357 1498
1716880291690 0.11166893690824509 1508
1716880292242 0.21182839572429657 1518
1716880292895 0.0585906058549881 1528
1716880293497 0.16109918057918549 1538
1716880294124 0.030162420123815536 1548
1716880294703 0.08026105165481567 1558
1716880295888 0.08900457620620728 1568
1716880297397 0.14005160331726074 1578
1716880298177 0.23413647711277008 1588
1716880299006 0.21101151406764984 1598
1716880299984 0.06518276780843735 1608
1716880300640 0.0487738773226738 1618
1716880301238 0.03671432286500931 1628
1716880301862 0.10682716220617294 1638
1716880302421 0.06285258382558823 1648
1716880303073 0.055981505662202835 1658
1716880303746 0.08036147803068161 1668
1716880304749 0.14876502752304077 1678
1716880305442 0.13923823833465576 1688
1716880306035 0.042572394013404846 1698
1716880306729 0.08639759570360184 1708
1716880307570 0.03563776612281799 1718
1716880308139 0.146508127450943 1728
1716880308745 0.101875439286232 1738
1716880309407 0.023702550679445267 1748
1716880310159 0.08360827714204788 1758
1716880311038 0.03709530085325241 1768
1716880311794 0.05927562713623047 1778
1716880314470 0.151200070977211 1788
1716880315630 0.016165180131793022 1798
1716880317453 0.2551259398460388 1808
1716880320606 0.1747264415025711 1818
1716880321308 0.1040104329586029 1828
1716880322299 0.07947372645139694 1838
1716880323283 0.06834834814071655 1848
1716880324127 0.09086872637271881 1858
1716880324857 0.030310917645692825 1868
1716880330504 0.10442673414945602 1876
1716880331215 0.06204485893249512 1886
1716880331974 0.058753348886966705 1896
1716880332734 0.05729011073708534 1906
1716880333358 0.08087091147899628 1916
1716880334026 0.05828268826007843 1926
1716880334774 0.09935835003852844 1936
1716880335459 0.13364458084106445 1946
1716880336122 0.09226350486278534 1956
1716880337570 0.06423721462488174 1966
1716880338197 0.12374180555343628 1976
1716880338893 0.04203888028860092 1986
1716880339643 0.03246159106492996 1996
1716880340340 0.2240525335073471 2006
1716880341006 0.13524211943149567 2016
1716880341841 0.15080270171165466 2026
1716880342490 0.05337332561612129 2036
1716880343049 0.11121012270450592 2046
1716880343595 0.047161974012851715 2056
1716880344323 0.04059385508298874 2066
1716880346252 0.04039107263088226 2076
1716880346967 0.03526047244668007 2086
1716880347621 0.04122168570756912 2096
1716880348348 0.12387317419052124 2106
1716880349202 0.09476947039365768 2116
1716880349754 0.09039667248725891 2126
1716880350421 0.010184542275965214 2136
1716880351052 0.05947696417570114 2146
1716880351801 0.08738786727190018 2156
1716880352603 0.12122143059968948 2166
1716880353684 0.08550329506397247 2176
1716880354726 0.019239189103245735 2186
1716880356220 0.02841922827064991 2196
1716880357005 0.06448821723461151 2206
1716880357581 0.036210596561431885 2216
1716880358155 0.0061410581693053246 2226
1716880358831 0.1190088763833046 2236
1716880359374 0.1328233927488327 2246
1716880360084 0.21330368518829346 2256
1716880360904 0.10721457004547119 2266
1716880361554 0.12143486738204956 2276
1716880362287 0.10144809633493423 2286
1716880362881 0.013733812607824802 2296
1716880363666 0.14269083738327026 2306
1716880364328 0.0609859861433506 2316
1716880364920 0.15293027460575104 2326
1716880365812 0.08430184423923492 2336
1716880366567 0.03900482878088951 2346
1716880367267 0.12488353252410889 2356
1716880368222 0.166319340467453 2366
1716880369314 0.10888534784317017 2376
1716880370283 0.10449593514204025 2386
1716880371443 0.02927304245531559 2396
1716880372164 0.03493281453847885 2406
1716880373105 0.0669613629579544 2416
1716880373935 0.03805328533053398 2426
1716880374731 0.1487882435321808 2436
1716880375555 0.1529582440853119 2446
1716880376267 0.13988777995109558 2456
1716880376919 0.10838720202445984 2466
1716880377617 0.01846855692565441 2476
1716880378419 0.011323826387524605 2486
1716880379230 0.11679336428642273 2496
1716880380291 0.05335826054215431 2506
1716880380987 0.038794439285993576 2516
1716880381632 0.03707091882824898 2526
1716880382808 0.07414674758911133 2536
1716880383725 0.061762142926454544 2546
1716880384485 0.02564001828432083 2556
1716880385386 0.03164331614971161 2566
1716880386123 0.05613362789154053 2576
1716880386860 0.08085775375366211 2586
1716880387890 0.0820651426911354 2596
1716880388623 0.028098080307245255 2606
1716880389354 0.05625443533062935 2616
1716880390154 0.08720731735229492 2626
1716880390777 0.05821036547422409 2636
1716880391492 0.07096453011035919 2646
1716880392344 0.04521928355097771 2656
1716880393096 0.058558687567710876 2666
1716880393823 0.03152932599186897 2676
1716880394469 0.03754626214504242 2686
1716880395244 0.023039285093545914 2696
1716880395858 0.014240328222513199 2706
1716880396441 0.05690125748515129 2716
1716880397126 0.11019731312990189 2726
1716880397791 0.16560959815979004 2736
1716880398602 0.005926537327468395 2746
1716880399286 0.02525320090353489 2756
1716880399971 0.18679781258106232 2766
1716880400585 0.07282412052154541 2776
1716880401185 0.03611300513148308 2786
1716880401950 0.06786660850048065 2796
1716880402548 0.04236723482608795 2806
1716880407645 0.021215388551354408 2814
1716880408247 0.009391913190484047 2824
1716880408968 0.020449096336960793 2834
1716880409564 0.02291479893028736 2844
1716880410160 0.08104561269283295 2854
1716880410748 0.034547291696071625 2864
1716880411481 0.0700380951166153 2874
1716880412097 0.17397908866405487 2884
1716880412706 0.089266836643219 2894
1716880413392 0.012768744491040707 2904
1716880414028 0.012228877283632755 2914
1716880414613 0.037373609840869904 2924
1716880415211 0.052395984530448914 2934
1716880416038 0.03553192317485809 2944
1716880416656 0.06571873277425766 2954
1716880417398 0.03934988006949425 2964
1716880418002 0.018312329426407814 2974
1716880418719 0.0049540940672159195 2984
1716880419348 0.07010252773761749 2994
1716880419968 0.05837874114513397 3004
1716880420696 0.1376461237668991 3014
1716880421279 0.22788521647453308 3024
1716880421894 0.07785702496767044 3034
1716880422535 0.022779669612646103 3044
1716880423270 0.055079251527786255 3054
1716880423967 0.0470394566655159 3064
1716880424749 0.046294476836919785 3074
1716880425731 0.02964254654943943 3084
1716880426327 0.027627374976873398 3094
1716880427000 0.09748736023902893 3104
1716880427708 0.03933051973581314 3114
1716880428377 0.10750164091587067 3124
1716880429052 0.08588944375514984 3134
1716880429788 0.09504090994596481 3144
1716880430501 0.030336890369653702 3154
1716880431145 0.04472553730010986 3164
1716880432225 0.04638619348406792 3174
1716880432887 0.018373636528849602 3184
1716880433476 0.05432426184415817 3194
1716880434156 0.020627301186323166 3204
1716880434969 0.015702558681368828 3214
1716880435660 0.0367228239774704 3224
1716880436261 0.13191239535808563 3234
1716880436860 0.04807233437895775 3244
1716880437764 0.02218737080693245 3254
1716880438574 0.048523396253585815 3264
1716880439195 0.015277637168765068 3274
1716880439917 0.1315547078847885 3284
1716880440553 0.026588190346956253 3294
1716880441620 0.0344238318502903 3304
1716880442810 0.10948941111564636 3314
1716880443937 0.011380393989384174 3324
1716880445179 0.013748633675277233 3334
1716880445753 0.0467185415327549 3344
1716880446389 0.011700927279889584 3354
1716880447035 0.054933734238147736 3364
1716880447879 0.017550943419337273 3374
1716880448485 0.010412367060780525 3384
1716880449070 0.05395315960049629 3394
1716880449633 0.026224864646792412 3404
1716880450278 0.08025629073381424 3414
1716880450857 0.01214204914867878 3424
1716880451410 0.05216393992304802 3434
1716880451964 0.13569727540016174 3444
1716880452569 0.03709743171930313 3454
1716880453177 0.01491343043744564 3464
1716880453775 0.020191583782434464 3474
1716880454463 0.05829005315899849 3484
1716880455198 0.037886518985033035 3494
1716880455748 0.039803396910429 3504
1716880456311 0.04325820133090019 3514
1716880456986 0.09114916622638702 3524
1716880457571 0.04403115436434746 3534
1716880458125 0.021929435431957245 3544
1716880458664 0.025754142552614212 3554
1716880459295 0.20407365262508392 3564
1716880459871 0.01733950711786747 3574
1716880460428 0.017902785912156105 3584
1716880461411 0.022520963102579117 3594
1716880462181 0.02257496304810047 3604
1716880462720 0.06619062274694443 3614
1716880463275 0.01450186874717474 3624
1716880463900 0.032252226024866104 3634
1716880465056 0.062131695449352264 3644
1716880465660 0.07913224399089813 3654
1716880466292 0.08544347435235977 3664
1716880466852 0.010245418176054955 3674
1716880467410 0.010247225873172283 3684
1716880467980 0.10523833334445953 3694
1716880468658 0.07811782509088516 3704
1716880469233 0.05657362937927246 3714
1716880469871 0.2071116715669632 3724
1716880470480 0.023387789726257324 3734
1716880471220 0.1289219707250595 3744
1716880476565 0.05836597830057144 3752
1716880477179 0.02374744601547718 3762
1716880477968 0.03572794422507286 3772
1716880478694 0.046226076781749725 3782
1716880479323 0.18495412170886993 3792
1716880480181 0.13029183447360992 3802
1716880480883 0.0062364921905100346 3812
1716880481507 0.023445971310138702 3822
1716880482210 0.017805442214012146 3832
1716880483290 0.11593280732631683 3842
1716880484174 0.060590960085392 3852
1716880485084 0.017406370490789413 3862
1716880486021 0.009497569873929024 3872
1716880486764 0.008685381151735783 3882
1716880487961 0.0025175439659506083 3892
1716880488725 0.017301803454756737 3902
1716880489448 0.0029724903870373964 3912
1716880490711 0.04504255950450897 3922
1716880491657 0.05387987196445465 3932
1716880492325 0.0017186278710141778 3942
1716880493092 0.011175679042935371 3952
1716880493973 0.053072042763233185 3962
1716880494602 0.018627459183335304 3972
1716880495480 0.04681070148944855 3982
1716880496422 0.027457725256681442 3992
1716880497976 0.04085683450102806 4002
1716880498602 0.051302094012498856 4012
1716880499293 0.02362154610455036 4022
1716880500102 0.009637346491217613 4032
1716880500712 0.06795476377010345 4042
1716880501310 0.014121375977993011 4052
1716880501919 0.0872676894068718 4062
1716880502784 0.07805924117565155 4072
1716880503403 0.0472247377038002 4082
1716880503994 0.002480713650584221 4092
1716880504650 0.05402261018753052 4102
1716880505388 0.04841036722064018 4112
1716880506025 0.023198924958705902 4122
1716880506631 0.06047927588224411 4132
1716880507375 0.07913584262132645 4142
1716880507975 0.1233518198132515 4152
1716880508630 0.007027033716440201 4162
1716880509290 0.015762070193886757 4172
1716880509974 0.009889088571071625 4182
1716880510563 0.04534894973039627 4192
1716880511161 0.05118342116475105 4202
1716880511979 0.006409841123968363 4212
1716880512586 0.01976720057427883 4222
1716880513185 0.06439349800348282 4232
1716880513782 0.001783117651939392 4242
1716880514559 0.038123492151498795 4252
1716880515173 0.02919202670454979 4262
1716880515755 0.08605750650167465 4272
1716880516404 0.006057454273104668 4282
1716880517090 0.0027601271867752075 4292
1716880517697 0.00971080269664526 4302
1716880518305 0.038925375789403915 4312
1716880519154 0.04095759242773056 4322
1716880519741 0.021238844841718674 4332
1716880520346 0.02163187973201275 4342
1716880520942 0.03095938265323639 4352
1716880521829 0.03393271565437317 4362
1716880522441 0.05128712207078934 4372
1716880523037 0.09226895868778229 4382
1716880523751 0.04509842023253441 4392
1716880524330 0.06665607541799545 4402
1716880524960 0.006438585929572582 4412
1716880525625 0.07129209488630295 4422
1716880526347 0.057125043123960495 4432
1716880526957 0.08207011967897415 4442
1716880527539 0.03369007632136345 4452
1716880528146 0.04941573366522789 4462
1716880528865 0.11323843896389008 4472
1716880529463 0.015702391043305397 4482
1716880530060 0.021973464637994766 4492
1716880530767 0.01775924302637577 4502
1716880531388 0.031583528965711594 4512
1716880531994 0.023120619356632233 4522
1716880532563 0.030339661985635757 4532
1716880533281 0.10027283430099487 4542
1716880533891 0.09752735495567322 4552
1716880534444 0.028090376406908035 4562
1716880535026 0.041925106197595596 4572
1716880535679 0.010505489073693752 4582
1716880536271 0.05207981914281845 4592
1716880536842 0.013644578866660595 4602
1716880537424 0.008857890032231808 4612
1716880538057 0.017564915120601654 4622
1716880538664 0.036764148622751236 4632
1716880539212 0.00989375077188015 4642
1716880539770 0.07629220932722092 4652
1716880540403 0.04731636121869087 4662
1716880540956 0.028973963111639023 4672
1716880541506 0.15619871020317078 4682
